[Send] >> GIC|-3;113;1|-2;142;1|-1;141;1|35;107;1|
[Send] >> GS
[Send] >> GTL|35|-1|-2|-3 
[Send] >> GTM|-3;0;30;5;4;113;;30|-2;0;70;5;4;142;;70|-1;0;70;5;4;141;;70|35;0;795;7;3;107;;795
[Send] >> Gd1;0;;46;0;46;0;
[Send] >> As534476000,534476000,550567000|100000000|745|101|1~1,1,1,0,0,0|795,795|10000,10000|186|100|7,0,0,0,7|3,0,0,0,3|0,0,0,0|0,0,0,0|0,0,0,0|0,0,0,0|0,0,0,0|0,0,0,0|0,0,0,0|1,0,0,0|0,0,0,0|0,0,0,0|0,0,0,0|0,0,0,0|0,0,0,0|0,0,0,0|0,0,0,0|0,0,0,0|0,0,0,0|0,0,0,0|0,0,0,0,0|0,0,0,0,0|0,0,0,0,0|0,0,0,0,0|0,0,0,0,0|0,0,0,0,0|0,0,0,0,0|0,0,0,0,0|0,0,0,0,0|0,0,0,0,0|0,0,0,0,0|0,0,0,0,0|0,0,0,0,0|0,0,0,0,0|0,0,0,0,0|0,0,0,0,0|0,0,0,0,0|0,0,0,0,0|0,0,0,0,0|0,0,0,0,0|0,0,0,0,0|0,0,0,0,0|
[Send] >> GTS35|29000
Game: Recv << BD
[Send] >> BD643|05|17
[Send] >> BT1371525852902
[Send] >> BN
