Game: Recv << GA300125;153
[Send] >> As534476000,534476000,550567000|100001000|745|101|1~1,1,1,0,0,0|795,795|10000,10000|186|100|7,0,0,0,7|3,0,0,0,3|0,0,0,0|0,0,0,0|0,0,0,0|0,0,0,0|0,0,0,0|0,0,0,0|0,0,0,0|1,0,0,0|0,0,0,0|0,0,0,0|0,0,0,0|0,0,0,0|0,0,0,0|0,0,0,0|0,0,0,0|0,0,0,0|0,0,0,0|0,0,0,0|0,0,0,0,0|0,0,0,0,0|0,0,0,0,0|0,0,0,0,0|0,0,0,0,0|0,0,0,0,0|0,0,0,0,0|0,0,0,0,0|0,0,0,0,0|0,0,0,0,0|0,0,0,0,0|0,0,0,0,0|0,0,0,0,0|0,0,0,0,0|0,0,0,0,0|0,0,0,0,0|0,0,0,0,0|0,0,0,0,0|0,0,0,0,0|0,0,0,0,0|0,0,0,0,0|0,0,0,0,0|
[Send] >> GAS35
[Send] >> GA;300;35;125,153,704,6,11,6,1
[Send] >> GA;102;35;35,-3  
[Send] >> GAF0|35
[Send] >> GA;102;35;35,-0
[Send] >> BN
Game: Recv << BD
[Send] >> BD643|06|15
[Send] >> BT1373942366167
[Send] >> BN
Game: Recv << GKK0
[DEBUG] :GA null
[Send] >> BN
