Game: Recv << Gt

[DEBUG] :Task.stop ID=7.
[Send] >> BN
NewThread.elapsedTime = 31000
[DEBUG] :NEW THREAD TICK END TURN ID=8.
[Send] >> GTF35
[Send] >> As534476000,534476000,550567000|100001000|745|101|1~1,1,1,0,0,0|795,795|10000,10000|186|100|7,0,0,0,7|3,0,0,0,3|0,0,0,0|0,0,0,0|0,0,0,0|0,0,0,0|0,0,0,0|0,0,0,0|0,0,0,0|1,0,0,0|0,0,0,0|0,0,0,0|0,0,0,0|0,0,0,0|0,0,0,0|0,0,0,0|0,0,0,0|0,0,0,0|0,0,0,0|0,0,0,0|0,0,0,0,0|0,0,0,0,0|0,0,0,0,0|0,0,0,0,0|0,0,0,0,0|0,0,0,0,0|0,0,0,0,0|0,0,0,0,0|0,0,0,0,0|0,0,0,0,0|0,0,0,0,0|0,0,0,0,0|0,0,0,0,0|0,0,0,0,0|0,0,0,0,0|0,0,0,0,0|0,0,0,0,0|0,0,0,0,0|0,0,0,0,0|0,0,0,0,0|0,0,0,0,0|0,0,0,0,0|
[Send] >> GTM|-3;0;40;5;4;168;;40|-2;0;40;5;4;195;;40|-1;0;40;5;4;109;;40|35;0;795;7;3;142;;795
[Send] >> GTR35
Game: Recv << BD
[Send] >> BD643|06|10
[Send] >> BT1373517814454
[Send] >> BN

Game: Recv << GT

[Send] >> BN
[DEBUG] :Task.stop ID=8.
[Send] >> GTS-1|29000
[DEBUG] :spells :221;
[DEBUG] :targets :
[Send] >> GA0;1;-1;abTbb8bclbcAbcP
[Send] >> GA;129;-1;-1,-4
Temps d'exécution de IAAttaq mob : 63: 1404ms
[Send] >> GTF-1
[Send] >> GTM|-3;0;40;5;4;168;;40|-2;0;40;5;4;195;;40|-1;0;40;5;4;169;;40|35;0;795;7;3;142;;795
[Send] >> GTR-1

Game: Recv << GT
