pe Gt..
65.

pc GTF1731365.
As0,0,110|0|0|0|0~0,0,0,0,0,0|55,55|10000,10000|0|100|6,0,0,0,6|3,0,0,0,3|0,0,0,0|0,0,0,0|0,0,0,0|0,0,0,0|0,0,0,0|0,0,0,0|0,0,0,0|1,0,0,0|0,0,0,0|0,0,0,0|0,0,0,0|0,0,0,0|0,0,0,0|0,0,0,0|0,0,0,0|0,0,0,0|0,0,0,0|0,0,0,0|0,0,0,0|0,0,0,0|0,0,0,0|0,0,0,0|0,0,0,0|0,0,0,0|0,0,0,0|0,0,0,0|0,0,0,0|0,0,0,0|0,0,0,0|0,0,0,0|0,0,0,0|0,0,0,0|0,0,0,0|0,0,0,0|0,0,0,0|0,0,0,0|0,0,0,0|0,0,0,0|0,0,0,0|0,0,0,0|20.
GTR1731365.


pc 643|5|11.


pc GTM|-1;0;10;0;0;308;;10|1731365;0;55;6;3;365;;55.
GTS-1|29000.

pc GTF-1.
GTR-1.

pe GT..


pc GTM|-1;0;10;0;0;308;;10|1731365;0;55;6;3;365;;55.
GTS1731365|29000.

